G= -3.111111111111111F = -1.3258176636680326Y= 4.754887502163469
G= -1.5384615384615385F = 1.2490457723982544Y= 6.426264754702098
